{
 "cells": [
  {
   "cell_type": "code",
   "execution_count": 38,
   "id": "37981fa2",
   "metadata": {},
   "outputs": [],
   "source": [
    "import numpy as np\n",
    "from numpy.random import rand"
   ]
  },
  {
   "cell_type": "code",
   "execution_count": 39,
   "id": "6feb7045",
   "metadata": {},
   "outputs": [],
   "source": [
    "x=np.array(([9,8],[6,3],[9,1],[9,8],[2,35],[4,39])) #features"
   ]
  },
  {
   "cell_type": "code",
   "execution_count": 40,
   "id": "b2afeae4",
   "metadata": {},
   "outputs": [
    {
     "data": {
      "text/plain": [
       "array([[ 9,  8],\n",
       "       [ 6,  3],\n",
       "       [ 9,  1],\n",
       "       [ 9,  8],\n",
       "       [ 2, 35],\n",
       "       [ 4, 39]])"
      ]
     },
     "execution_count": 40,
     "metadata": {},
     "output_type": "execute_result"
    }
   ],
   "source": [
    "x"
   ]
  },
  {
   "cell_type": "code",
   "execution_count": 41,
   "id": "02536624",
   "metadata": {},
   "outputs": [],
   "source": [
    "y=np.array([['neural'],['positive'],['positive'],['neural'],['negative'],['negative']]) #labels"
   ]
  },
  {
   "cell_type": "code",
   "execution_count": 42,
   "id": "2634b35f",
   "metadata": {},
   "outputs": [
    {
     "data": {
      "text/plain": [
       "array([['neural'],\n",
       "       ['positive'],\n",
       "       ['positive'],\n",
       "       ['neural'],\n",
       "       ['negative'],\n",
       "       ['negative']], dtype='<U8')"
      ]
     },
     "execution_count": 42,
     "metadata": {},
     "output_type": "execute_result"
    }
   ],
   "source": [
    "y"
   ]
  },
  {
   "cell_type": "code",
   "execution_count": 43,
   "id": "997079f8",
   "metadata": {},
   "outputs": [
    {
     "name": "stderr",
     "output_type": "stream",
     "text": [
      "C:\\Users\\sherif\\anaconda3\\Lib\\site-packages\\sklearn\\preprocessing\\_encoders.py:868: FutureWarning: `sparse` was renamed to `sparse_output` in version 1.2 and will be removed in 1.4. `sparse_output` is ignored unless you leave `sparse` to its default value.\n",
      "  warnings.warn(\n"
     ]
    }
   ],
   "source": [
    "from sklearn.preprocessing import OneHotEncoder\n",
    "enc=OneHotEncoder(sparse=False,categories='auto')\n",
    "y=enc.fit_transform(y.reshape(len(y),-1))\n",
    "\n"
   ]
  },
  {
   "cell_type": "code",
   "execution_count": 44,
   "id": "7b052ef8",
   "metadata": {},
   "outputs": [
    {
     "data": {
      "text/plain": [
       "array([[0., 1., 0.],\n",
       "       [0., 0., 1.],\n",
       "       [0., 0., 1.],\n",
       "       [0., 1., 0.],\n",
       "       [1., 0., 0.],\n",
       "       [1., 0., 0.]])"
      ]
     },
     "execution_count": 44,
     "metadata": {},
     "output_type": "execute_result"
    }
   ],
   "source": [
    "y"
   ]
  },
  {
   "cell_type": "code",
   "execution_count": 45,
   "id": "3b950c45",
   "metadata": {},
   "outputs": [],
   "source": [
    "def sigmoid(z) :\n",
    "    return 1/(1+np.exp(-z))\n",
    "    \n"
   ]
  },
  {
   "cell_type": "code",
   "execution_count": 54,
   "id": "811a5b57",
   "metadata": {},
   "outputs": [],
   "source": [
    "def soft_max(z):\n",
    "    return np.exp(z)/np.sum(np.exp(z) ,axis =1,keepdims=True)"
   ]
  },
  {
   "cell_type": "code",
   "execution_count": 61,
   "id": "a7f60b1e",
   "metadata": {},
   "outputs": [],
   "source": [
    "class Neaurnetwork:\n",
    "    def __init__(self,x,y,nodes_in_layer1=4,nodes_in_layer2=3,nodes_in_layer3=3,l_rate=1):\n",
    "        #define x,y\n",
    "        self.input_in_layer0 = x\n",
    "        self.y=y\n",
    "        self.l_rate=l_rate\n",
    "        \n",
    "        #number of neurons in layer\n",
    "        self.nodes_in_layer1=nodes_in_layer1\n",
    "        self.nodes_in_layer2=nodes_in_layer2\n",
    "        self.nodes_in_layer3=nodes_in_layer3\n",
    "        \n",
    "        #set the weights (theta) metrics\n",
    "        self.theta_layer0=np.random.rand(self.input_in_layer0.shape[1]+1,self.nodes_in_layer1)\n",
    "        self.theta_layer1=np.random.rand(self.nodes_in_layer1+1,self.nodes_in_layer2)\n",
    "        self.theta_layer2=np.random.rand(self.nodes_in_layer2+1,self.nodes_in_layer3)\n",
    "  \n",
    "\n",
    "        \n",
    "    def feedforward(self):\n",
    "        #compute all nodes (a1,a2,a3,a4) in layer 1\n",
    "        self.z1=self.theta_layer0[0]+np.dot(self.input_in_layer0,self.theta_layer0[1:])\n",
    "        self.layer1=sigmoid(self.z1)\n",
    "        \n",
    "         #compute all nodes (a1,a2,a3) in layer 2\n",
    "        self.z2=self.theta_layer1[0]+np.dot(self.layer1,self.theta_layer1[1:])\n",
    "        self.layer2=sigmoid(self.z2)\n",
    "        \n",
    "         #compute all nodes (a1,a2,a3) in layer 1\n",
    "        self.z3=self.theta_layer2[0]+np.dot(self.layer2,self.theta_layer2[1:])\n",
    "        self.layer3=soft_max(self.z3)\n",
    "        \n",
    "        return self.layer3\n",
    "    \n",
    "    ### cost function\n",
    "    \n",
    "    def cost_fun(self):\n",
    "        self.n=self.input_in_layer0.shape[0] #number of training example\n",
    "        ##self.cost=(1/self.n)*np.sum(-self.y *np.log(self.layer3)-(1-self.y)*np.log(1-self.layer3))#cross entropy\n",
    "        self.cost=(1/self.n)*np.sum(-self.y*np.log(self.layer3))\n",
    "        return self.cost\n",
    "    \n",
    "    ### back propgation\n",
    "    def backpropgation(self):\n",
    "        \n",
    "        ## dervation of E with respect to theta and bias in layer2\n",
    "        self.dE_dz3 =(1/self.n)*(self.layer3-self.y)\n",
    "        \n",
    "        \n",
    "        \n",
    "        \n",
    "       \n",
    "        self.dE_dtheta2=np.dot(self.layer2.T, self.dE_dz3)\n",
    "        self.dbias2=np.dot(np.ones(self.n), self.dE_dz3)\n",
    "        \n",
    "        ## dervation of E with respect to theta and bias in layer1\n",
    "        self.dE_layer2 =np.dot(self.dE_dz3,self.theta_layer2[1:].T)\n",
    "        self.dE_dz2 =np.multiply(self.dE_layer2,sigmoid(self.z2)*(1-sigmoid(self.z2)))\n",
    "        self.dE_dtheta1=np.dot(self.layer1.T, self.dE_dz2)\n",
    "        self.dbias1=np.dot(np.ones(self.n), self.dE_dz2)\n",
    "        \n",
    "        \n",
    "        ## dervation of E with respect to theta and bias in layer0\n",
    "        self.dE_layer1 =np.dot(self.dE_dz2,self.theta_layer1[1:].T)\n",
    "        self.dE_dz1 =np.multiply(self.dE_layer1,sigmoid(self.z1)*(1-sigmoid(self.z1)))\n",
    "        self.dE_dtheta0=np.dot(self.input_in_layer0.T, self.dE_dz1)\n",
    "        self.dbias0=np.dot(np.ones(self.n), self.dE_dz1)\n",
    "        \n",
    "        ## updating theta using gradient descent in layer 2,1 and 0\n",
    "        self.theta_layer2[1:] = self.theta_layer2[1:]- self.l_rate * self.dE_dtheta2\n",
    "        self.theta_layer1[1:] = self.theta_layer1[1:]- self.l_rate * self.dE_dtheta1\n",
    "        self.theta_layer0[1:] = self.theta_layer0[1:]- self.l_rate * self.dE_dtheta0\n",
    "        \n",
    "        \n",
    "        \n",
    "        ## updating bias using gradient descent in layer 2,1 and 0\n",
    "        self.theta_layer2[0] = self.theta_layer2[0] - self.l_rate * np.sum(self.dE_dz3, axis=0)\n",
    "        self.theta_layer1[0] = self.theta_layer1[0] - self.l_rate * np.sum(self.dE_dz2, axis=0)\n",
    "        self.theta_layer0[0] = self.theta_layer0[0] - self.l_rate * np.sum(self.dE_dz1, axis=0)\n",
    "        \n",
    "        \n",
    "        return self\n",
    "        \n",
    "        \n",
    "        "
   ]
  },
  {
   "cell_type": "code",
   "execution_count": 62,
   "id": "cad08455",
   "metadata": {},
   "outputs": [],
   "source": [
    "\n",
    "NN=Neaurnetwork(x,y)"
   ]
  },
  {
   "cell_type": "markdown",
   "id": "4896d575",
   "metadata": {},
   "source": [
    "### feed forward"
   ]
  },
  {
   "cell_type": "code",
   "execution_count": 63,
   "id": "edc13c82",
   "metadata": {},
   "outputs": [],
   "source": [
    "predict=NN.feedforward()"
   ]
  },
  {
   "cell_type": "code",
   "execution_count": 64,
   "id": "5e061e00",
   "metadata": {},
   "outputs": [
    {
     "name": "stdout",
     "output_type": "stream",
     "text": [
      "actual output :\n",
      "  [[0. 1. 0.]\n",
      " [0. 0. 1.]\n",
      " [0. 0. 1.]\n",
      " [0. 1. 0.]\n",
      " [1. 0. 0.]\n",
      " [1. 0. 0.]]\n"
     ]
    }
   ],
   "source": [
    "print('actual output :\\n ',y)"
   ]
  },
  {
   "cell_type": "code",
   "execution_count": 65,
   "id": "c8c7722c",
   "metadata": {},
   "outputs": [
    {
     "name": "stdout",
     "output_type": "stream",
     "text": [
      "prediction output :\n",
      "  [[0.18521916 0.27994732 0.53483352]\n",
      " [0.18549633 0.28001088 0.53449279]\n",
      " [0.18570734 0.28010576 0.53418691]\n",
      " [0.18521916 0.27994732 0.53483352]\n",
      " [0.18522539 0.27994385 0.53483076]\n",
      " [0.18520114 0.27994819 0.53485066]]\n"
     ]
    }
   ],
   "source": [
    "print('prediction output :\\n ',predict)"
   ]
  },
  {
   "cell_type": "code",
   "execution_count": null,
   "id": "26ceb694",
   "metadata": {},
   "outputs": [],
   "source": []
  },
  {
   "cell_type": "code",
   "execution_count": null,
   "id": "e75bbb6d",
   "metadata": {},
   "outputs": [],
   "source": []
  },
  {
   "cell_type": "markdown",
   "id": "fe79799e",
   "metadata": {},
   "source": [
    "\n",
    "### back propgation"
   ]
  },
  {
   "cell_type": "code",
   "execution_count": 67,
   "id": "3b19be49",
   "metadata": {},
   "outputs": [
    {
     "name": "stdout",
     "output_type": "stream",
     "text": [
      "iteration ::>  1\n",
      "actual output :\n",
      "  [[0. 1. 0.]\n",
      " [0. 0. 1.]\n",
      " [0. 0. 1.]\n",
      " [0. 1. 0.]\n",
      " [1. 0. 0.]\n",
      " [1. 0. 0.]]\n",
      "prediction output :\n",
      "  [[5.09064687e-03 9.90908958e-01 4.00039501e-03]\n",
      " [3.62658762e-05 6.27280359e-03 9.93690931e-01]\n",
      " [2.93900518e-05 5.09325147e-03 9.94877358e-01]\n",
      " [5.09064687e-03 9.90908958e-01 4.00039501e-03]\n",
      " [9.93562334e-01 6.43490105e-03 2.76503549e-06]\n",
      " [9.93560535e-01 6.43669915e-03 2.76597256e-06]] \n",
      "\n",
      "cost : \n",
      " 0.0071081438785900175 \n",
      "\n",
      "iteration ::>  2\n",
      "actual output :\n",
      "  [[0. 1. 0.]\n",
      " [0. 0. 1.]\n",
      " [0. 0. 1.]\n",
      " [0. 1. 0.]\n",
      " [1. 0. 0.]\n",
      " [1. 0. 0.]]\n",
      "prediction output :\n",
      "  [[5.08414777e-03 9.90921693e-01 3.99415886e-03]\n",
      " [3.61745139e-05 6.26359912e-03 9.93700226e-01]\n",
      " [2.93174580e-05 5.08602613e-03 9.94884656e-01]\n",
      " [5.08414777e-03 9.90921693e-01 3.99415886e-03]\n",
      " [9.93570865e-01 6.42637775e-03 2.75753178e-06]\n",
      " [9.93569068e-01 6.42817316e-03 2.75846612e-06]] \n",
      "\n",
      "cost : \n",
      " 0.007098215690451934 \n",
      "\n",
      "iteration ::>  3\n",
      "actual output :\n",
      "  [[0. 1. 0.]\n",
      " [0. 0. 1.]\n",
      " [0. 0. 1.]\n",
      " [0. 1. 0.]\n",
      " [1. 0. 0.]\n",
      " [1. 0. 0.]]\n",
      "prediction output :\n",
      "  [[5.07766489e-03 9.90934394e-01 3.98794117e-03]\n",
      " [3.60834955e-05 6.25442076e-03 9.93709496e-01]\n",
      " [2.92451327e-05 5.07882080e-03 9.94891934e-01]\n",
      " [5.07766489e-03 9.90934394e-01 3.98794117e-03]\n",
      " [9.93579373e-01 6.41787656e-03 2.75005874e-06]\n",
      " [9.93577580e-01 6.41966929e-03 2.75099036e-06]] \n",
      "\n",
      "cost : \n",
      " 0.00708831453851972 \n",
      "\n",
      "iteration ::>  4\n",
      "actual output :\n",
      "  [[0. 1. 0.]\n",
      " [0. 0. 1.]\n",
      " [0. 0. 1.]\n",
      " [0. 1. 0.]\n",
      " [1. 0. 0.]\n",
      " [1. 0. 0.]]\n",
      "prediction output :\n",
      "  [[5.07119818e-03 9.90947060e-01 3.98174187e-03]\n",
      " [3.59928193e-05 6.24526840e-03 9.93718739e-01]\n",
      " [2.91730747e-05 5.07163540e-03 9.94899192e-01]\n",
      " [5.07119818e-03 9.90947060e-01 3.98174187e-03]\n",
      " [9.93587860e-01 6.40939739e-03 2.74261622e-06]\n",
      " [9.93586069e-01 6.41118745e-03 2.74354512e-06]] \n",
      "\n",
      "cost : \n",
      " 0.0070784403136320605 \n",
      "\n",
      "iteration ::>  5\n",
      "actual output :\n",
      "  [[0. 1. 0.]\n",
      " [0. 0. 1.]\n",
      " [0. 0. 1.]\n",
      " [0. 1. 0.]\n",
      " [1. 0. 0.]\n",
      " [1. 0. 0.]]\n",
      "prediction output :\n",
      "  [[5.06474758e-03 9.90959692e-01 3.97556087e-03]\n",
      " [3.59024834e-05 6.23614194e-03 9.93727956e-01]\n",
      " [2.91012827e-05 5.06446983e-03 9.94906429e-01]\n",
      " [5.06474758e-03 9.90959692e-01 3.97556087e-03]\n",
      " [9.93596325e-01 6.40094017e-03 2.73520404e-06]\n",
      " [9.93594536e-01 6.40272756e-03 2.73613024e-06]] \n",
      "\n",
      "cost : \n",
      " 0.007068592907212204 \n",
      "\n",
      "iteration ::>  6\n",
      "actual output :\n",
      "  [[0. 1. 0.]\n",
      " [0. 0. 1.]\n",
      " [0. 0. 1.]\n",
      " [0. 1. 0.]\n",
      " [1. 0. 0.]\n",
      " [1. 0. 0.]]\n",
      "prediction output :\n",
      "  [[5.05831303e-03 9.90972289e-01 3.96939810e-03]\n",
      " [3.58124862e-05 6.22704126e-03 9.93737146e-01]\n",
      " [2.90297553e-05 5.05732402e-03 9.94913646e-01]\n",
      " [5.05831303e-03 9.90972289e-01 3.96939810e-03]\n",
      " [9.93604767e-01 6.39250481e-03 2.72782204e-06]\n",
      " [9.93602982e-01 6.39428953e-03 2.72874555e-06]] \n",
      "\n",
      "cost : \n",
      " 0.0070587722112632105 \n",
      "\n",
      "iteration ::>  7\n",
      "actual output :\n",
      "  [[0. 1. 0.]\n",
      " [0. 0. 1.]\n",
      " [0. 0. 1.]\n",
      " [0. 1. 0.]\n",
      " [1. 0. 0.]\n",
      " [1. 0. 0.]]\n",
      "prediction output :\n",
      "  [[5.05189446e-03 9.90984852e-01 3.96325347e-03]\n",
      " [3.57228261e-05 6.21796626e-03 9.93746311e-01]\n",
      " [2.89584912e-05 5.05019789e-03 9.94920844e-01]\n",
      " [5.05189446e-03 9.90984852e-01 3.96325347e-03]\n",
      " [9.93613188e-01 6.38409122e-03 2.72047006e-06]\n",
      " [9.93611405e-01 6.38587329e-03 2.72139089e-06]] \n",
      "\n",
      "cost : \n",
      " 0.007048978118364479 \n",
      "\n",
      "iteration ::>  8\n",
      "actual output :\n",
      "  [[0. 1. 0.]\n",
      " [0. 0. 1.]\n",
      " [0. 0. 1.]\n",
      " [0. 1. 0.]\n",
      " [1. 0. 0.]\n",
      " [1. 0. 0.]]\n",
      "prediction output :\n",
      "  [[5.04549183e-03 9.90997381e-01 3.95712692e-03]\n",
      " [3.56335014e-05 6.20891683e-03 9.93755450e-01]\n",
      " [2.88874892e-05 5.04309136e-03 9.94928021e-01]\n",
      " [5.04549183e-03 9.90997381e-01 3.95712692e-03]\n",
      " [9.93621588e-01 6.37569932e-03 2.71314793e-06]\n",
      " [9.93619807e-01 6.37747874e-03 2.71406609e-06]] \n",
      "\n",
      "cost : \n",
      " 0.0070392105216680115 \n",
      "\n",
      "iteration ::>  9\n",
      "actual output :\n",
      "  [[0. 1. 0.]\n",
      " [0. 0. 1.]\n",
      " [0. 0. 1.]\n",
      " [0. 1. 0.]\n",
      " [1. 0. 0.]\n",
      " [1. 0. 0.]]\n",
      "prediction output :\n",
      "  [[5.03910507e-03 9.91009877e-01 3.95101835e-03]\n",
      " [3.55445103e-05 6.19989286e-03 9.93764563e-01]\n",
      " [2.88167479e-05 5.03600434e-03 9.94935179e-01]\n",
      " [5.03910507e-03 9.91009877e-01 3.95101835e-03]\n",
      " [9.93629965e-01 6.36732903e-03 2.70585549e-06]\n",
      " [9.93628187e-01 6.36910581e-03 2.70677100e-06]] \n",
      "\n",
      "cost : \n",
      " 0.007029469314894463 \n",
      "\n",
      "iteration ::>  10\n",
      "actual output :\n",
      "  [[0. 1. 0.]\n",
      " [0. 0. 1.]\n",
      " [0. 0. 1.]\n",
      " [0. 1. 0.]\n",
      " [1. 0. 0.]\n",
      " [1. 0. 0.]]\n",
      "prediction output :\n",
      "  [[5.03273412e-03 9.91022338e-01 3.94492770e-03]\n",
      " [3.54558513e-05 6.19089426e-03 9.93773650e-01]\n",
      " [2.87462661e-05 5.02893676e-03 9.94942317e-01]\n",
      " [5.03273412e-03 9.91022338e-01 3.94492770e-03]\n",
      " [9.93638321e-01 6.35898026e-03 2.69859259e-06]\n",
      " [9.93636546e-01 6.36075441e-03 2.69950546e-06]] \n",
      "\n",
      "cost : \n",
      " 0.007019754392329336 \n",
      "\n",
      "iteration ::>  11\n",
      "actual output :\n",
      "  [[0. 1. 0.]\n",
      " [0. 0. 1.]\n",
      " [0. 0. 1.]\n",
      " [0. 1. 0.]\n",
      " [1. 0. 0.]\n",
      " [1. 0. 0.]]\n",
      "prediction output :\n",
      "  [[5.02637894e-03 9.91034766e-01 3.93885489e-03]\n",
      " [3.53675226e-05 6.18192090e-03 9.93782712e-01]\n",
      " [2.86760425e-05 5.02188854e-03 9.94949435e-01]\n",
      " [5.02637894e-03 9.91034766e-01 3.93885489e-03]\n",
      " [9.93646656e-01 6.35065294e-03 2.69135907e-06]\n",
      " [9.93644883e-01 6.35242447e-03 2.69226930e-06]] \n",
      "\n",
      "cost : \n",
      " 0.007010065648819119 \n",
      "\n",
      "iteration ::>  12\n",
      "actual output :\n",
      "  [[0. 1. 0.]\n",
      " [0. 0. 1.]\n",
      " [0. 0. 1.]\n",
      " [0. 1. 0.]\n",
      " [1. 0. 0.]\n",
      " [1. 0. 0.]]\n",
      "prediction output :\n",
      "  [[5.02003945e-03 9.91047161e-01 3.93279984e-03]\n",
      " [3.52795227e-05 6.17297269e-03 9.93791748e-01]\n",
      " [2.86060760e-05 5.01485960e-03 9.94956534e-01]\n",
      " [5.02003945e-03 9.91047161e-01 3.93279984e-03]\n",
      " [9.93654969e-01 6.34234698e-03 2.68415475e-06]\n",
      " [9.93653199e-01 6.34411589e-03 2.68506237e-06]] \n",
      "\n",
      "cost : \n",
      " 0.007000402979768225 \n",
      "\n",
      "iteration ::>  13\n",
      "actual output :\n",
      "  [[0. 1. 0.]\n",
      " [0. 0. 1.]\n",
      " [0. 0. 1.]\n",
      " [0. 1. 0.]\n",
      " [1. 0. 0.]\n",
      " [1. 0. 0.]]\n",
      "prediction output :\n",
      "  [[5.01371560e-03 9.91059522e-01 3.92676247e-03]\n",
      " [3.51918500e-05 6.16404953e-03 9.93800759e-01]\n",
      " [2.85363651e-05 5.00784986e-03 9.94963614e-01]\n",
      " [5.01371560e-03 9.91059522e-01 3.92676247e-03]\n",
      " [9.93663261e-01 6.33406230e-03 2.67697950e-06]\n",
      " [9.93661494e-01 6.33582859e-03 2.67788450e-06]] \n",
      "\n",
      "cost : \n",
      " 0.006990766281134358 \n",
      "\n",
      "iteration ::>  14\n",
      "actual output :\n",
      "  [[0. 1. 0.]\n",
      " [0. 0. 1.]\n",
      " [0. 0. 1.]\n",
      " [0. 1. 0.]\n",
      " [1. 0. 0.]\n",
      " [1. 0. 0.]]\n",
      "prediction output :\n",
      "  [[5.00740733e-03 9.91071850e-01 3.92074271e-03]\n",
      " [3.51045027e-05 6.15515131e-03 9.93809744e-01]\n",
      " [2.84669087e-05 5.00085925e-03 9.94970674e-01]\n",
      " [5.00740733e-03 9.91071850e-01 3.92074271e-03]\n",
      " [9.93671531e-01 6.32579882e-03 2.66983315e-06]\n",
      " [9.93669767e-01 6.32756251e-03 2.67073555e-06]] \n",
      "\n",
      "cost : \n",
      " 0.006981155449425612 \n",
      "\n",
      "iteration ::>  15\n",
      "actual output :\n",
      "  [[0. 1. 0.]\n",
      " [0. 0. 1.]\n",
      " [0. 0. 1.]\n",
      " [0. 1. 0.]\n",
      " [1. 0. 0.]\n",
      " [1. 0. 0.]]\n",
      "prediction output :\n",
      "  [[5.00111460e-03 9.91084145e-01 3.91474049e-03]\n",
      " [3.50174794e-05 6.14627792e-03 9.93818705e-01]\n",
      " [2.83977056e-05 4.99388768e-03 9.94977715e-01]\n",
      " [5.00111460e-03 9.91084145e-01 3.91474049e-03]\n",
      " [9.93679781e-01 6.31755646e-03 2.66271555e-06]\n",
      " [9.93678019e-01 6.31931755e-03 2.66361536e-06]] \n",
      "\n",
      "cost : \n",
      " 0.006971570381696475 \n",
      "\n",
      "iteration ::>  16\n",
      "actual output :\n",
      "  [[0. 1. 0.]\n",
      " [0. 0. 1.]\n",
      " [0. 0. 1.]\n",
      " [0. 1. 0.]\n",
      " [1. 0. 0.]\n",
      " [1. 0. 0.]]\n",
      "prediction output :\n",
      "  [[4.99483733e-03 9.91096407e-01 3.90875572e-03]\n",
      " [3.49307784e-05 6.13742927e-03 9.93827640e-01]\n",
      " [2.83287545e-05 4.98693508e-03 9.94984736e-01]\n",
      " [4.99483733e-03 9.91096407e-01 3.90875572e-03]\n",
      " [9.93688009e-01 6.30933513e-03 2.65562655e-06]\n",
      " [9.93686250e-01 6.31109364e-03 2.65652378e-06]] \n",
      "\n",
      "cost : \n",
      " 0.006962010975544335 \n",
      "\n",
      "iteration ::>  17\n",
      "actual output :\n",
      "  [[0. 1. 0.]\n",
      " [0. 0. 1.]\n",
      " [0. 0. 1.]\n",
      " [0. 1. 0.]\n",
      " [1. 0. 0.]\n",
      " [1. 0. 0.]]\n",
      "prediction output :\n",
      "  [[4.98857548e-03 9.91108636e-01 3.90278834e-03]\n",
      " [3.48443981e-05 6.12860525e-03 9.93836550e-01]\n",
      " [2.82600541e-05 4.98000137e-03 9.94991739e-01]\n",
      " [4.98857548e-03 9.91108636e-01 3.90278834e-03]\n",
      " [9.93696217e-01 6.30113477e-03 2.64856598e-06]\n",
      " [9.93694460e-01 6.30289069e-03 2.64946065e-06]] \n",
      "\n",
      "cost : \n",
      " 0.006952477129106023 \n",
      "\n",
      "iteration ::>  18\n",
      "actual output :\n",
      "  [[0. 1. 0.]\n",
      " [0. 0. 1.]\n",
      " [0. 0. 1.]\n",
      " [0. 1. 0.]\n",
      " [1. 0. 0.]\n",
      " [1. 0. 0.]]\n",
      "prediction output :\n",
      "  [[4.98232899e-03 9.91120833e-01 3.89683827e-03]\n",
      " [3.47583370e-05 6.11980576e-03 9.93845436e-01]\n",
      " [2.81916034e-05 4.97308648e-03 9.94998722e-01]\n",
      " [4.98232899e-03 9.91120833e-01 3.89683827e-03]\n",
      " [9.93704403e-01 6.29295529e-03 2.64153370e-06]\n",
      " [9.93702649e-01 6.29470863e-03 2.64242581e-06]] \n",
      "\n",
      "cost : \n",
      " 0.0069429687410539455 \n",
      "\n",
      "iteration ::>  19\n",
      "actual output :\n",
      "  [[0. 1. 0.]\n",
      " [0. 0. 1.]\n",
      " [0. 0. 1.]\n",
      " [0. 1. 0.]\n",
      " [1. 0. 0.]\n",
      " [1. 0. 0.]]\n",
      "prediction output :\n",
      "  [[4.97609780e-03 9.91132997e-01 3.89090544e-03]\n",
      " [3.46725935e-05 6.11103070e-03 9.93854297e-01]\n",
      " [2.81234011e-05 4.96619034e-03 9.95005686e-01]\n",
      " [4.97609780e-03 9.91132997e-01 3.89090544e-03]\n",
      " [9.93712569e-01 6.28479660e-03 2.63452957e-06]\n",
      " [9.93710817e-01 6.28654738e-03 2.63541913e-06]] \n",
      "\n",
      "cost : \n",
      " 0.006933485710592984 \n",
      "\n",
      "iteration ::>  20\n",
      "actual output :\n",
      "  [[0. 1. 0.]\n",
      " [0. 0. 1.]\n",
      " [0. 0. 1.]\n",
      " [0. 1. 0.]\n",
      " [1. 0. 0.]\n",
      " [1. 0. 0.]]\n",
      "prediction output :\n",
      "  [[4.96988186e-03 9.91145128e-01 3.88498977e-03]\n",
      " [3.45871660e-05 6.10227997e-03 9.93863133e-01]\n",
      " [2.80554459e-05 4.95931285e-03 9.95012632e-01]\n",
      " [4.96988186e-03 9.91145128e-01 3.88498977e-03]\n",
      " [9.93720714e-01 6.27665865e-03 2.62755342e-06]\n",
      " [9.93718965e-01 6.27840685e-03 2.62844045e-06]] \n",
      "\n",
      "cost : \n",
      " 0.006924027937456806 \n",
      "\n",
      "iteration ::>  21\n",
      "actual output :\n",
      "  [[0. 1. 0.]\n",
      " [0. 0. 1.]\n",
      " [0. 0. 1.]\n",
      " [0. 1. 0.]\n",
      " [1. 0. 0.]\n",
      " [1. 0. 0.]]\n",
      "prediction output :\n",
      "  [[4.96368111e-03 9.91157228e-01 3.87909119e-03]\n",
      " [3.45020530e-05 6.09355348e-03 9.93871944e-01]\n",
      " [2.79877367e-05 4.95245396e-03 9.95019558e-01]\n",
      " [4.96368111e-03 9.91157228e-01 3.87909119e-03]\n",
      " [9.93728838e-01 6.26854133e-03 2.62060511e-06]\n",
      " [9.93727092e-01 6.27028698e-03 2.62148961e-06]] \n",
      "\n",
      "cost : \n",
      " 0.006914595321904302 \n",
      "\n",
      "iteration ::>  22\n",
      "actual output :\n",
      "  [[0. 1. 0.]\n",
      " [0. 0. 1.]\n",
      " [0. 0. 1.]\n",
      " [0. 1. 0.]\n",
      " [1. 0. 0.]\n",
      " [1. 0. 0.]]\n",
      "prediction output :\n",
      "  [[4.95749550e-03 9.91169295e-01 3.87320963e-03]\n",
      " [3.44172530e-05 6.08485111e-03 9.93880732e-01]\n",
      " [2.79202723e-05 4.94561358e-03 9.95026466e-01]\n",
      " [4.95749550e-03 9.91169295e-01 3.87320963e-03]\n",
      " [9.93736942e-01 6.26044458e-03 2.61368449e-06]\n",
      " [9.93735198e-01 6.26218769e-03 2.61456648e-06]] \n",
      "\n",
      "cost : \n",
      " 0.006905187764716409 \n",
      "\n",
      "iteration ::>  23\n",
      "actual output :\n",
      "  [[0. 1. 0.]\n",
      " [0. 0. 1.]\n",
      " [0. 0. 1.]\n",
      " [0. 1. 0.]\n",
      " [1. 0. 0.]\n",
      " [1. 0. 0.]]\n",
      "prediction output :\n",
      "  [[4.95132497e-03 9.91181330e-01 3.86734502e-03]\n",
      " [3.43327644e-05 6.07617277e-03 9.93889494e-01]\n",
      " [2.78530516e-05 4.93879165e-03 9.95033355e-01]\n",
      " [4.95132497e-03 9.91181330e-01 3.86734502e-03]\n",
      " [9.93745025e-01 6.25236833e-03 2.60679142e-06]\n",
      " [9.93743283e-01 6.25410889e-03 2.60767091e-06]] \n",
      "\n",
      "cost : \n",
      " 0.00689580516719253 \n",
      "\n",
      "iteration ::>  24\n",
      "actual output :\n",
      "  [[0. 1. 0.]\n",
      " [0. 0. 1.]\n",
      " [0. 0. 1.]\n",
      " [0. 1. 0.]\n",
      " [1. 0. 0.]\n",
      " [1. 0. 0.]]\n",
      "prediction output :\n",
      "  [[4.94516947e-03 9.91193333e-01 3.86149729e-03]\n",
      " [3.42485856e-05 6.06751837e-03 9.93898233e-01]\n",
      " [2.77860733e-05 4.93198808e-03 9.95040226e-01]\n",
      " [4.94516947e-03 9.91193333e-01 3.86149729e-03]\n",
      " [9.93753088e-01 6.24431248e-03 2.59992575e-06]\n",
      " [9.93751349e-01 6.24605051e-03 2.60080275e-06]] \n",
      "\n",
      "cost : \n",
      " 0.00688644743114721 \n",
      "\n",
      "iteration ::>  25\n",
      "actual output :\n",
      "  [[0. 1. 0.]\n",
      " [0. 0. 1.]\n",
      " [0. 0. 1.]\n",
      " [0. 1. 0.]\n",
      " [1. 0. 0.]\n",
      " [1. 0. 0.]]\n",
      "prediction output :\n",
      "  [[4.93902894e-03 9.91205305e-01 3.85566635e-03]\n",
      " [3.41647153e-05 6.05888781e-03 9.93906947e-01]\n",
      " [2.77193363e-05 4.92520281e-03 9.95047078e-01]\n",
      " [4.93902894e-03 9.91205305e-01 3.85566635e-03]\n",
      " [9.93761130e-01 6.23627698e-03 2.59308733e-06]\n",
      " [9.93759394e-01 6.23801248e-03 2.59396185e-06]] \n",
      "\n",
      "cost : \n",
      " 0.006877114458906687 \n",
      "\n",
      "iteration ::>  26\n",
      "actual output :\n",
      "  [[0. 1. 0.]\n",
      " [0. 0. 1.]\n",
      " [0. 0. 1.]\n",
      " [0. 1. 0.]\n",
      " [1. 0. 0.]\n",
      " [1. 0. 0.]]\n",
      "prediction output :\n",
      "  [[4.93290334e-03 9.91217245e-01 3.84985216e-03]\n",
      " [3.40811519e-05 6.05028098e-03 9.93915638e-01]\n",
      " [2.76528395e-05 4.91843575e-03 9.95053911e-01]\n",
      " [4.93290334e-03 9.91217245e-01 3.84985216e-03]\n",
      " [9.93769152e-01 6.22826173e-03 2.58627603e-06]\n",
      " [9.93767418e-01 6.22999471e-03 2.58714807e-06]] \n",
      "\n",
      "cost : \n",
      " 0.006867806153305787 \n",
      "\n",
      "iteration ::>  27\n",
      "actual output :\n",
      "  [[0. 1. 0.]\n",
      " [0. 0. 1.]\n",
      " [0. 0. 1.]\n",
      " [0. 1. 0.]\n",
      " [1. 0. 0.]\n",
      " [1. 0. 0.]]\n",
      "prediction output :\n",
      "  [[4.92679260e-03 9.91229153e-01 3.84405462e-03]\n",
      " [3.39978939e-05 6.04169780e-03 9.93924304e-01]\n",
      " [2.75865816e-05 4.91168685e-03 9.95060727e-01]\n",
      " [4.92679260e-03 9.91229153e-01 3.84405462e-03]\n",
      " [9.93777154e-01 6.22026667e-03 2.57949169e-06]\n",
      " [9.93775423e-01 6.22199713e-03 2.58036127e-06]] \n",
      "\n",
      "cost : \n",
      " 0.006858522417684594 \n",
      "\n",
      "iteration ::>  28\n",
      "actual output :\n",
      "  [[0. 1. 0.]\n",
      " [0. 0. 1.]\n",
      " [0. 0. 1.]\n",
      " [0. 1. 0.]\n",
      " [1. 0. 0.]\n",
      " [1. 0. 0.]]\n",
      "prediction output :\n",
      "  [[4.92069668e-03 9.91241030e-01 3.83827368e-03]\n",
      " [3.39149398e-05 6.03313817e-03 9.93932947e-01]\n",
      " [2.75205616e-05 4.90495602e-03 9.95067523e-01]\n",
      " [4.92069668e-03 9.91241030e-01 3.83827368e-03]\n",
      " [9.93785136e-01 6.21229172e-03 2.57273418e-06]\n",
      " [9.93783407e-01 6.21401967e-03 2.57360130e-06]] \n",
      "\n",
      "cost : \n",
      " 0.006849263155884765 \n",
      "\n",
      "iteration ::>  29\n",
      "actual output :\n",
      "  [[0. 1. 0.]\n",
      " [0. 0. 1.]\n",
      " [0. 0. 1.]\n",
      " [0. 1. 0.]\n",
      " [1. 0. 0.]\n",
      " [1. 0. 0.]]\n",
      "prediction output :\n",
      "  [[4.91461551e-03 9.91252875e-01 3.83250926e-03]\n",
      " [3.38322882e-05 6.02460198e-03 9.93941566e-01]\n",
      " [2.74547784e-05 4.89824320e-03 9.95074302e-01]\n",
      " [4.91461551e-03 9.91252875e-01 3.83250926e-03]\n",
      " [9.93793097e-01 6.20433680e-03 2.56600335e-06]\n",
      " [9.93791371e-01 6.20606225e-03 2.56686803e-06]] \n",
      "\n",
      "cost : \n",
      " 0.006840028272246988 \n",
      "\n",
      "iteration ::>  30\n",
      "actual output :\n",
      "  [[0. 1. 0.]\n",
      " [0. 0. 1.]\n",
      " [0. 0. 1.]\n",
      " [0. 1. 0.]\n",
      " [1. 0. 0.]\n",
      " [1. 0. 0.]]\n",
      "prediction output :\n",
      "  [[4.90854905e-03 9.91264690e-01 3.82676130e-03]\n",
      " [3.37499375e-05 6.01608915e-03 9.93950161e-01]\n",
      " [2.73892307e-05 4.89154831e-03 9.95081062e-01]\n",
      " [4.90854905e-03 9.91264690e-01 3.82676130e-03]\n",
      " [9.93801039e-01 6.19640184e-03 2.55929906e-06]\n",
      " [9.93799315e-01 6.19812480e-03 2.56016131e-06]] \n",
      "\n",
      "cost : \n",
      " 0.006830817671607148 \n",
      "\n",
      "iteration ::>  31\n",
      "actual output :\n",
      "  [[0. 1. 0.]\n",
      " [0. 0. 1.]\n",
      " [0. 0. 1.]\n",
      " [0. 1. 0.]\n",
      " [1. 0. 0.]\n",
      " [1. 0. 0.]]\n",
      "prediction output :\n",
      "  [[4.90249725e-03 9.91276473e-01 3.82102973e-03]\n",
      " [3.36678864e-05 6.00759959e-03 9.93958733e-01]\n",
      " [2.73239175e-05 4.88487128e-03 9.95087805e-01]\n",
      " [4.90249725e-03 9.91276473e-01 3.82102973e-03]\n",
      " [9.93808961e-01 6.18848677e-03 2.55262118e-06]\n",
      " [9.93807239e-01 6.19020723e-03 2.55348101e-06]] \n",
      "\n",
      "cost : \n",
      " 0.006821631259293405 \n",
      "\n",
      "iteration ::>  32\n",
      "actual output :\n",
      "  [[0. 1. 0.]\n",
      " [0. 0. 1.]\n",
      " [0. 0. 1.]\n",
      " [0. 1. 0.]\n",
      " [1. 0. 0.]\n",
      " [1. 0. 0.]]\n",
      "prediction output :\n",
      "  [[4.89646005e-03 9.91288225e-01 3.81531447e-03]\n",
      " [3.35861334e-05 5.99913319e-03 9.93967281e-01]\n",
      " [2.72588376e-05 4.87821205e-03 9.95094529e-01]\n",
      " [4.89646005e-03 9.91288225e-01 3.81531447e-03]\n",
      " [9.93816863e-01 6.18059151e-03 2.54596957e-06]\n",
      " [9.93815144e-01 6.18230949e-03 2.54682699e-06]] \n",
      "\n",
      "cost : \n",
      " 0.006812468941122946 \n",
      "\n",
      "iteration ::>  33\n",
      "actual output :\n",
      "  [[0. 1. 0.]\n",
      " [0. 0. 1.]\n",
      " [0. 0. 1.]\n",
      " [0. 1. 0.]\n",
      " [1. 0. 0.]\n",
      " [1. 0. 0.]]\n",
      "prediction output :\n",
      "  [[4.89043740e-03 9.91299947e-01 3.80961546e-03]\n",
      " [3.35046770e-05 5.99068986e-03 9.93975805e-01]\n",
      " [2.71939900e-05 4.87157053e-03 9.95101235e-01]\n",
      " [4.89043740e-03 9.91299947e-01 3.80961546e-03]\n",
      " [9.93824745e-01 6.17271599e-03 2.53934409e-06]\n",
      " [9.93823028e-01 6.17443149e-03 2.54019910e-06]] \n",
      "\n",
      "cost : \n",
      " 0.006803330623399069 \n",
      "\n",
      "iteration ::>  34\n",
      "actual output :\n",
      "  [[0. 1. 0.]\n",
      " [0. 0. 1.]\n",
      " [0. 0. 1.]\n",
      " [0. 1. 0.]\n",
      " [1. 0. 0.]\n",
      " [1. 0. 0.]]\n",
      "prediction output :\n",
      "  [[4.88442925e-03 9.91311638e-01 3.80393263e-03]\n",
      " [3.34235158e-05 5.98226952e-03 9.93984307e-01]\n",
      " [2.71293736e-05 4.86494667e-03 9.95107924e-01]\n",
      " [4.88442925e-03 9.91311638e-01 3.80393263e-03]\n",
      " [9.93832607e-01 6.16486013e-03 2.53274459e-06]\n",
      " [9.93830893e-01 6.16657317e-03 2.53359722e-06]] \n",
      "\n",
      "cost : \n",
      " 0.006794216212907642 \n",
      "\n",
      "iteration ::>  35\n",
      "actual output :\n",
      "  [[0. 1. 0.]\n",
      " [0. 0. 1.]\n",
      " [0. 0. 1.]\n",
      " [0. 1. 0.]\n",
      " [1. 0. 0.]\n",
      " [1. 0. 0.]]\n",
      "prediction output :\n",
      "  [[4.87843555e-03 9.91323299e-01 3.79826592e-03]\n",
      " [3.33426484e-05 5.97387207e-03 9.93992785e-01]\n",
      " [2.70649872e-05 4.85834039e-03 9.95114595e-01]\n",
      " [4.87843555e-03 9.91323299e-01 3.79826592e-03]\n",
      " [9.93840450e-01 6.15702386e-03 2.52617096e-06]\n",
      " [9.93838739e-01 6.15873444e-03 2.52702120e-06]] \n",
      "\n",
      "cost : \n",
      " 0.006785125616914273 \n",
      "\n",
      "iteration ::>  36\n",
      "actual output :\n",
      "  [[0. 1. 0.]\n",
      " [0. 0. 1.]\n",
      " [0. 0. 1.]\n",
      " [0. 1. 0.]\n",
      " [1. 0. 0.]\n",
      " [1. 0. 0.]]\n",
      "prediction output :\n",
      "  [[4.87245624e-03 9.91334929e-01 3.79261526e-03]\n",
      " [3.32620734e-05 5.96549741e-03 9.94001241e-01]\n",
      " [2.70008297e-05 4.85175162e-03 9.95121248e-01]\n",
      " [4.87245624e-03 9.91334929e-01 3.79261526e-03]\n",
      " [9.93848273e-01 6.14920712e-03 2.51962304e-06]\n",
      " [9.93846564e-01 6.15091524e-03 2.52047091e-06]] \n",
      "\n",
      "cost : \n",
      " 0.006776058743161367 \n",
      "\n",
      "iteration ::>  37\n",
      "actual output :\n",
      "  [[0. 1. 0.]\n",
      " [0. 0. 1.]\n",
      " [0. 0. 1.]\n",
      " [0. 1. 0.]\n",
      " [1. 0. 0.]\n",
      " [1. 0. 0.]]\n",
      "prediction output :\n",
      "  [[4.86649128e-03 9.91346528e-01 3.78698057e-03]\n",
      " [3.31817894e-05 5.95714546e-03 9.94009673e-01]\n",
      " [2.69369001e-05 4.84518029e-03 9.95127883e-01]\n",
      " [4.86649128e-03 9.91346528e-01 3.78698057e-03]\n",
      " [9.93856077e-01 6.14140982e-03 2.51310072e-06]\n",
      " [9.93854371e-01 6.14311549e-03 2.51394622e-06]] \n",
      "\n",
      "cost : \n",
      " 0.006767015499864623 \n",
      "\n",
      "iteration ::>  38\n",
      "actual output :\n",
      "  [[0. 1. 0.]\n",
      " [0. 0. 1.]\n",
      " [0. 0. 1.]\n",
      " [0. 1. 0.]\n",
      " [1. 0. 0.]\n",
      " [1. 0. 0.]]\n",
      "prediction output :\n",
      "  [[4.86054061e-03 9.91358098e-01 3.78136180e-03]\n",
      " [3.31017950e-05 5.94881612e-03 9.94018082e-01]\n",
      " [2.68731974e-05 4.83862634e-03 9.95134500e-01]\n",
      " [4.86054061e-03 9.91358098e-01 3.78136180e-03]\n",
      " [9.93863861e-01 6.13363190e-03 2.50660385e-06]\n",
      " [9.93862157e-01 6.13533512e-03 2.50744700e-06]] \n",
      "\n",
      "cost : \n",
      " 0.006757995795710438 \n",
      "\n",
      "iteration ::>  39\n",
      "actual output :\n",
      "  [[0. 1. 0.]\n",
      " [0. 0. 1.]\n",
      " [0. 0. 1.]\n",
      " [0. 1. 0.]\n",
      " [1. 0. 0.]\n",
      " [1. 0. 0.]]\n",
      "prediction output :\n",
      "  [[4.85460418e-03 9.91369637e-01 3.77575888e-03]\n",
      " [3.30220888e-05 5.94050931e-03 9.94026469e-01]\n",
      " [2.68097203e-05 4.83208969e-03 9.95141101e-01]\n",
      " [4.85460418e-03 9.91369637e-01 3.77575888e-03]\n",
      " [9.93871627e-01 6.12587328e-03 2.50013230e-06]\n",
      " [9.93869925e-01 6.12757407e-03 2.50097311e-06]] \n",
      "\n",
      "cost : \n",
      " 0.006748999539852774 \n",
      "\n",
      "iteration ::>  40\n",
      "actual output :\n",
      "  [[0. 1. 0.]\n",
      " [0. 0. 1.]\n",
      " [0. 0. 1.]\n",
      " [0. 1. 0.]\n",
      " [1. 0. 0.]\n",
      " [1. 0. 0.]]\n",
      "prediction output :\n",
      "  [[4.84868195e-03 9.91381146e-01 3.77017175e-03]\n",
      " [3.29426694e-05 5.93222492e-03 9.94034832e-01]\n",
      " [2.67464680e-05 4.82557028e-03 9.95147683e-01]\n",
      " [4.84868195e-03 9.91381146e-01 3.77017175e-03]\n",
      " [9.93879372e-01 6.11813390e-03 2.49368594e-06]\n",
      " [9.93877673e-01 6.11983225e-03 2.49452442e-06]] \n",
      "\n",
      "cost : \n",
      " 0.006740026641910113 \n",
      "\n",
      "iteration ::>  41\n",
      "actual output :\n",
      "  [[0. 1. 0.]\n",
      " [0. 0. 1.]\n",
      " [0. 0. 1.]\n",
      " [0. 1. 0.]\n",
      " [1. 0. 0.]\n",
      " [1. 0. 0.]]\n",
      "prediction output :\n",
      "  [[4.84277385e-03 9.91392626e-01 3.76460033e-03]\n",
      " [3.28635354e-05 5.92396289e-03 9.94043174e-01]\n",
      " [2.66834392e-05 4.81906805e-03 9.95154249e-01]\n",
      " [4.84277385e-03 9.91392626e-01 3.76460033e-03]\n",
      " [9.93887099e-01 6.11041367e-03 2.48726465e-06]\n",
      " [9.93885402e-01 6.11210961e-03 2.48810080e-06]] \n",
      "\n",
      "cost : \n",
      " 0.006731077011962475 \n",
      "\n",
      "iteration ::>  42\n",
      "actual output :\n",
      "  [[0. 1. 0.]\n",
      " [0. 0. 1.]\n",
      " [0. 0. 1.]\n",
      " [0. 1. 0.]\n",
      " [1. 0. 0.]\n",
      " [1. 0. 0.]]\n",
      "prediction output :\n",
      "  [[4.83687985e-03 9.91404076e-01 3.75904457e-03]\n",
      " [3.27846855e-05 5.91572311e-03 9.94051492e-01]\n",
      " [2.66206330e-05 4.81258291e-03 9.95160796e-01]\n",
      " [4.83687985e-03 9.91404076e-01 3.75904457e-03]\n",
      " [9.93894807e-01 6.10271255e-03 2.48086828e-06]\n",
      " [9.93893112e-01 6.10440606e-03 2.48170212e-06]] \n",
      "\n",
      "cost : \n",
      " 0.006722150560548595 \n",
      "\n",
      "iteration ::>  43\n",
      "actual output :\n",
      "  [[0. 1. 0.]\n",
      " [0. 0. 1.]\n",
      " [0. 0. 1.]\n",
      " [0. 1. 0.]\n",
      " [1. 0. 0.]\n",
      " [1. 0. 0.]]\n",
      "prediction output :\n",
      "  [[4.83099989e-03 9.91415496e-01 3.75350439e-03]\n",
      " [3.27061184e-05 5.90750549e-03 9.94059788e-01]\n",
      " [2.65580483e-05 4.80611482e-03 9.95167327e-01]\n",
      " [4.83099989e-03 9.91415496e-01 3.75350439e-03]\n",
      " [9.93902495e-01 6.09503044e-03 2.47449672e-06]\n",
      " [9.93900803e-01 6.09672154e-03 2.47532825e-06]] \n",
      "\n",
      "cost : \n",
      " 0.006713247198662911 \n",
      "\n",
      "iteration ::>  44\n",
      "actual output :\n",
      "  [[0. 1. 0.]\n",
      " [0. 0. 1.]\n",
      " [0. 0. 1.]\n",
      " [0. 1. 0.]\n",
      " [1. 0. 0.]\n",
      " [1. 0. 0.]]\n",
      "prediction output :\n",
      "  [[4.82513393e-03 9.91426886e-01 3.74797974e-03]\n",
      " [3.26278326e-05 5.89930995e-03 9.94068062e-01]\n",
      " [2.64956841e-05 4.79966369e-03 9.95173841e-01]\n",
      " [4.82513393e-03 9.91426886e-01 3.74797974e-03]\n",
      " [9.93910165e-01 6.08736729e-03 2.46814983e-06]\n",
      " [9.93908475e-01 6.08905598e-03 2.46897906e-06]] \n",
      "\n",
      "cost : \n",
      " 0.006704366837752819 \n",
      "\n",
      "iteration ::>  45\n",
      "actual output :\n",
      "  [[0. 1. 0.]\n",
      " [0. 0. 1.]\n",
      " [0. 0. 1.]\n",
      " [0. 1. 0.]\n",
      " [1. 0. 0.]\n",
      " [1. 0. 0.]]\n",
      "prediction output :\n",
      "  [[4.81928191e-03 9.91438248e-01 3.74247056e-03]\n",
      " [3.25498269e-05 5.89113640e-03 9.94076314e-01]\n",
      " [2.64335394e-05 4.79322947e-03 9.95180337e-01]\n",
      " [4.81928191e-03 9.91438248e-01 3.74247056e-03]\n",
      " [9.93917815e-01 6.07972302e-03 2.46182749e-06]\n",
      " [9.93916128e-01 6.08140931e-03 2.46265443e-06]] \n",
      "\n",
      "cost : \n",
      " 0.006695509389715478 \n",
      "\n",
      "iteration ::>  46\n",
      "actual output :\n",
      "  [[0. 1. 0.]\n",
      " [0. 0. 1.]\n",
      " [0. 0. 1.]\n",
      " [0. 1. 0.]\n",
      " [1. 0. 0.]\n",
      " [1. 0. 0.]]\n",
      "prediction output :\n",
      "  [[4.81344378e-03 9.91449579e-01 3.73697677e-03]\n",
      " [3.24720999e-05 5.88298476e-03 9.94084543e-01]\n",
      " [2.63716130e-05 4.78681209e-03 9.95186816e-01]\n",
